Resultados do Solver Kth Largest:
Tamanho: 1000, Média: 0.000124 s, Intervalo: ±0.000003 s
Tamanho: 10000, Média: 0.001645 s, Intervalo: ±0.000011 s
Tamanho: 100000, Média: 0.018766 s, Intervalo: ±0.000052 s
Tamanho: 1000000, Média: 0.203920 s, Intervalo: ±0.000652 s
